267
276
444
633
672
682
686
1134
1173
1181
1215
1220
1279
1283
1289
1294
1297
1304
1306
1316
1327
1328
1334
1338
1339
1340
1341
1342
1343
1344
1345
1349
1351
1352
1354
1358
1361
1363
1364
1365
1366
1367
1368
1370
1371
1372
1373
1375
1378
1379
1380
1381
1382
1383
1384
1385
1386
1388
1389
1390
1393
1398
1400
1401
1402
1403
1404
1405
1406
1407
1408
1409
1410
1411
1412
1413
1414
1415
1416
1417
1442
1445
1452
1453
1454
1455
1456
1457
1458
1459
1460
1461
1462
1463
1464
1465
1466
1467
1468
1469
1470
1471
1488
1579
1589
1590
1591
1596
1600
1602
1606
1609
1611
1613
1615
1618
1619
1621
1623
1629
1631
1634
1644
1661
1669
1676
